octave:6> solveEquations(100)
 32
 72
-----------steepest_decend-----------
------------------A1-----------------
 0.78355
 0.48108
 0.20650
 0.016733
-0.066205
-------------------------------------
   6.9493e-11
  -2.1836e-11
   6.2866e-12
  -1.6322e-12
   3.7454e-13
  -6.2803e-14
-------------------------------------
-0.078518
-0.066205
 0.016733
 0.20650
 0.48108
 0.78355
-------------------------------------
------------------A2-----------------
 0.99999
 0.99997
 0.99996
 0.99993
 0.99993
-------------------------------------
 0.99992
 0.99992
 0.99992
 0.99992
 0.99992
 0.99992
-------------------------------------
 0.99991
 0.99993
 0.99993
 0.99996
 0.99997
 0.99999
-------------------------------------
 56
 19
---------conjugade_gradient----------
------------------A1-----------------
 0.98683
 0.95927
 0.92166
 0.87584
 0.81998
-------------------------------------
-0.0020963
-0.015833
-0.027889
-0.037090
-0.043918
-0.047672
-------------------------------------
 0.75845
 0.81992
 0.87526
 0.92201
 0.95975
 0.98598
-------------------------------------
------------------A2-----------------
 1.0000
 1.0000
 1.0000
 1.0000
 1.0001
-------------------------------------
 1.00000
 1.00000
 1.00000
 1.00000
 1.00000
 1.00000
-------------------------------------
 1.0001
 1.0001
 1.0000
 1.0000
 1.0000
 1.0000
-------------------------------------

octave:7> solveEquations(1000)
 32
 71
-----------steepest_decend-----------
------------------A1-----------------
 0.78355
 0.48108
 0.20650
 0.016733
-0.066205
-------------------------------------
0
0
0
0
0
0
-------------------------------------
-0.078518
-0.066205
 0.016733
 0.20650
 0.48108
 0.78355
-------------------------------------
------------------A2-----------------
 0.99999
 0.99999
 0.99997
 0.99998
 0.99995
-------------------------------------
 0.99995
 0.99995
 0.99995
 0.99995
 0.99995
 0.99995
-------------------------------------
 0.99996
 0.99995
 0.99998
 0.99997
 0.99999
 0.99999
-------------------------------------
 114
 19
---------conjugade_gradient----------
------------------A1-----------------
 0.98134
 0.94632
 0.89725
 0.83642
 0.76611
-------------------------------------
0
0
0
0
0
0
-------------------------------------
 0.68857
 0.76611
 0.83642
 0.89725
 0.94632
 0.98134
-------------------------------------
------------------A2-----------------
 1.0000
 1.0000
 1.0000
 1.0000
 1.0001
-------------------------------------
 1.00000
 1.00000
 1.00000
 1.00000
 1.00000
 1.00000
-------------------------------------
 1.0001
 1.0001
 1.0000
 1.0000
 1.0000
 1.0000
-------------------------------------
